19999999 99999999 99999999 99999999 99999999 99999999 99999999 99999999 93333333 33333333 33333333 33333333 33333333 33333333 33333333 33333333 
13333333 33333333 33333333 33333333 33333333 33333333 33333333 39999999 99999997 77777777 77777777 77777777 77777777 77777777 77777777 77777777 
17777777 77777777 77777777 77777777 77777777 77777777 77777777 77777777 77777779 99999999 99999999 99999999 99999999 99999999 99999999 99999999 
09993333 33333333 33333333 33333333 33333333 33333333 33333333 33333333 33333333 33333333 33333333 33333333 33333333 33333333 33333333 33333333 
03333333 33333333 33333333 33333333 33333333 33333333 33333333 33333333 33333333 33333333 33333333 33333333 33333333 33333333 33333333 33333333 
03333333 33333333 33333333 33333333 33333333 33333333 33333333 33333333 33333333 33333333 33333333 33333333 33333333 33333333 33333333 33333333 
03333333 33333333 33333333 33333333 33333333 33333333 33333333 33333333 33333333 33333333 33333333 33333333 33333333 33333333 33333333 33333333 
03333333 33333333 33333333 33333333 33333333 33333333 33333333 33333333 33333333 33333333 33333333 33333333 33333333 33333333 33333333 33333333 
03333333 33333333 33333333 33333333 33333333 33333333 33333333 33333333 33333333 33333333 33333333 33333333 33333333 33333333 33333333 33333333 
03333333 33333333 33333333 33333333 33333333 33333333 33333333 33333333 33333333 33333333 33333333 33333333 33333333 33333333 33333333 33333333 
03333333 33333333 33333333 33333333 33333333 33333333 33333333 33333333 33333333 33333333 33333333 33333333 33333333 33333333 33333333 33333333 
03333333 33333333 33333333 33333333 33333333 33333333 33333333 33333333 33333333 33333333 33333333 33333333 33333333 33333333 33333333 33333333 
03333333 33333333 33333333 33333333 33333333 33333333 33333333 33333333 33333333 33333333 33333333 33333333 33333333 33333333 33333333 33333333 
03333333 33333333 33333333 33333333 33333333 33333333 33333333 33333333 33333333 33333333 33333333 33333333 33333333 33333333 33333333 33333333 
03333333 33333333 33333333 33333333 33333333 33333333 33333333 33333333 33333333 33333333 33333333 33333333 33333333 33333333 33333333 33333333 
13333333 33333333 33333333 33333333 33333333 33333333 33333333 33333333 33333333 33333333 33333333 33333333 33333333 33333333 33333333 33333333 
03333333 33333333 33333333 33333333 33333333 33333333 33333333 33333333 33333333 33333333 33333333 33333333 33333333 33333333 33333333 33333333 
03333333 33333333 33333333 33333333 33333333 33333333 33333333 33333333 33333333 33333333 33333333 33333333 33333333 33333333 33333333 33333333 
03333333 33333333 33333333 33333333 33333333 33333333 33333333 33333333 33333333 33333333 33333333 33333333 33333333 33333333 33333333 33333333 
03333333 33333333 33333333 33333333 33333333 33333333 33333333 33333333 33333333 33333333 33333333 33333333 33333333 33333333 33333333 33333333 
03333333 33333333 33333333 33333333 33333333 33333333 33333333 33333333 33333333 33333333 33333333 33333333 33333333 33333333 33333333 33333333 
03333333 33333333 33333333 33333333 33333333 33333333 33333333 33333333 33333333 33333333 33333333 33333333 33333333 33333333 33333333 33333333 
03333333 33333333 33333333 33333333 33333333 33333333 33333333 33333333 33333333 33333333 33333333 33333333 33333333 33333333 33333333 33333333 
03333333 33333333 33333333 33333333 33333333 33333333 33333333 33333333 33333333 33333333 33333333 33333333 33333333 33333333 33333333 33333333 
03333333 33333333 33333333 33333333 33333333 33333333 33333333 33333333 33333333 33333333 33333333 33333333 33333333 33333333 33333333 33333333 
03333333 33333333 33333333 33333333 33333333 33333333 33333333 33333333 33333333 33333333 33333333 33333333 33333333 33333333 33333333 33333333 
03333333 33333333 33333333 33333333 33333333 33333333 33333333 33333333 33333333 33333333 33333333 33333333 33333333 33333333 33333333 33333333 
03333333 33333333 33333333 33333333 33333333 33333333 33333333 33333333 33333333 33333333 33333333 33333333 33333333 33333333 33333333 33333333 
03333333 33333333 33333333 33333333 33333333 33333333 33333333 33333333 33333333 33333333 33333333 33333333 33333333 33333333 33333333 33333333 
03333333 33333333 33333333 33333333 33333333 33333333 33333333 33333333 33333333 33333333 33333333 33333333 33333333 33333333 33333333 33333333 
03333333 33333333 33333333 33333333 33333333 33333333 33333333 33333333 33333333 33333333 33333333 33333333 33333333 33333333 33333333 33333333 
03333333 33333333 33333333 33333333 33333333 33333333 33333333 33333333 33333333 33333333 33333333 33333333 33333333 33333333 33333333 33333333 
03333333 33333333 33333333 33333333 33333333 33333333 33333333 33333333 33333333 33333333 33333333 33333333 33333333 33333333 33333333 33333333 
03333333 33333333 33333333 33333333 33333333 33333333 33333333 33333333 33333333 33333333 33333333 33333333 33333333 33333333 33333333 33333333 
03333333 33333333 33333333 33333333 33333333 33333333 33333333 33333333 33333333 33333333 33333333 33333333 33333333 33333333 33333333 33333333 
03333333 33333333 33333333 33333333 33333333 33333333 33333333 33333333 33333333 33333333 33333333 33333333 33333333 33333333 33333333 33333333 
03333333 33333333 33333333 33333333 33333333 33333333 33333333 33333333 33333333 33333333 33333333 33333333 33333333 33333333 33333333 33333333 
03333333 33333333 33333333 33333333 33333333 33333333 33333333 33333333 33333333 33333333 33333333 33333333 33333333 33333333 33333333 33333333 
03333333 33333333 33333333 33333333 33333333 33333333 33333333 33333333 33333333 33333333 33333333 33333333 33333333 33333333 33333333 33333333 
03333333 33333333 33333333 33333333 33333333 33333333 33333333 33333333 33333333 33333333 33333333 33333333 33333333 33333333 33333333 33333333 
03333333 33333333 33333333 33333333 33333333 33333333 33333333 33333333 33333333 33333333 33333333 33333333 33333333 33333333 33333333 33333333 
03333333 33333333 33333333 33333333 33333333 33333333 33333333 33333333 33333333 33333333 33333333 33333333 33333333 33333333 33333333 33333333 
03333333 33333333 33333333 33333333 33333333 33333333 33333333 33333333 33333333 33333333 33333333 33333333 33333333 33333333 33333333 33333333 
03333333 33333333 33333333 33333333 33333333 33333333 33333333 33333333 33333333 33333333 33333333 33333333 33333333 33333333 33333333 33333333 
03333333 33333333 33333333 33333333 33333333 33333333 33333333 33333333 33333333 33333333 33333333 33333333 33333333 33333333 33333333 33333333 
03333333 33333333 33333333 33333333 33333333 33333333 33333333 33333333 33333333 33333333 33333333 33333333 33333333 33333333 33333333 33333333 
03333333 33333333 33333333 33333333 33333333 33333333 33333333 33333333 33333333 33333333 33333333 33333333 33333333 33333333 33333333 33333333 
03333333 33333333 33333333 33333333 33333333 33333333 33333333 33333333 33333333 33333333 33333333 33333333 33333333 33333333 33333333 33333333 
03333333 33333333 33333333 33333333 33333333 33333333 33333333 33333333 33333333 33333333 33333333 33333333 33333333 33333333 33333333 33333333 
03333333 33333333 33333333 33333333 33333333 33333333 33333333 33333333 33333333 33333333 33333333 33333333 33333333 33333333 33333333 33333333 
03333333 33333333 33333333 33333333 33333333 33333333 33333333 33333333 33333333 33333333 33333333 33333333 33333333 33333333 33333333 33333333 
03333333 33333333 33333333 33333333 33333333 33333333 33333333 33333333 33333333 33333333 33333333 33333333 33333333 33333333 33333333 33333333 
03333333 33333333 33333333 33333333 33333333 33333333 33333333 33333333 33333333 33333333 33333333 33333333 33333333 33333333 33333333 33333333 
03333333 33333333 33333333 33333333 33333333 33333333 33333333 33333333 33333333 33333333 33333333 33333333 33333333 33333333 33333333 33333333 
03333333 33333333 33333333 33333333 33333333 33333333 33333333 33333333 33333333 33333333 33333333 33333333 33333333 33333333 33333333 33333333 
03333333 33333333 33333333 33333333 33333333 33333333 33333333 33333333 33333333 33333333 33333333 33333333 33333333 33333333 33333333 33333333 
03333333 33333333 33333333 33333333 33333333 33333333 33333333 33333333 33333333 33333333 33333333 33333333 33333333 33333333 33333333 33333333 
03333333 33333333 33333333 33333333 33333333 33333333 33333333 33333333 33333333 33333333 33333333 33333333 33333333 33333333 33333333 33333333 
03333333 33333333 33333333 33333333 33333333 33333333 33333333 33333333 33333333 33333333 33333333 33333333 33333333 33333333 33333333 33333333 
03333333 33333333 33333333 33333333 33333333 33333333 33333333 33333333 33333333 33333333 33333333 33333333 33333333 33333333 33333333 33333333 
03333333 33333333 33333333 33333333 33333333 33333333 33333333 33333333 33333333 33333333 33333333 33333333 33333333 33333333 33333333 33333333 
03333333 33333333 33333333 33333333 33333333 33333333 33333333 33333333 33333333 33333333 33333333 33333333 33333333 33333333 33333333 33333333 
03333333 33333333 33333333 33333333 33333333 33333333 33333333 33333333 33333333 33333333 33333333 33333333 33333333 33333333 33333333 33333333 
03333333 33333333 33333333 33333333 33333333 33333333 33333333 33333333 33333333 33333333 33333333 33333333 33333333 33333333 33333333 33333333 
03333333 33333333 33333333 33333333 33333333 33333333 33333333 33333333 33333333 33333333 33333333 33333333 33333333 33333333 33333333 33333333 
03333333 33333333 33333333 33333333 33333333 33333333 33333333 33333333 33333333 33333333 33333333 33333333 33333333 33333333 33333333 33333333 
03333333 33333333 33333333 33333333 33333333 33333333 33333333 33333333 33333333 33333333 33333333 33333333 33333333 33333333 33333333 33333333 
03333333 33333333 33333333 33333333 33333333 33333333 33333333 33333333 33333333 33333333 33333333 33333333 33333333 33333333 33333333 33333333 
03333333 33333333 33333333 33333333 33333333 33333333 33333333 33333333 33333333 33333333 33333333 33333333 33333333 33333333 33333333 33333333 
03333333 33333333 33333333 33333333 33333333 33333333 33333333 33333333 33333333 33333333 33333333 33333333 33333333 33333333 33333333 33333333 
03333333 33333333 33333333 33333333 33333333 33333333 33333333 33333333 33333333 33333333 33333333 33333333 33333333 33333333 33333333 33333333 
03333333 33333333 33333333 33333333 33333333 33333333 33333333 33333333 33333333 33333333 33333333 33333333 33333333 33333333 33333333 33333333 
03333333 33333333 33333333 33333333 33333333 33333333 33333333 33333333 33333333 33333333 33333333 33333333 33333333 33333333 33333333 33333333 
03333333 33333333 33333333 33333333 33333333 33333333 33333333 33333333 33333333 33333333 33333333 33333333 33333333 33333333 33333333 33333333 
03333333 33333333 33333333 33333333 33333333 33333333 33333333 33333333 33333333 33333333 33333333 33333333 33333333 33333333 33333333 33333333 
03333333 33333333 33333333 33333333 33333333 33333333 33333333 33333333 33333333 33333333 33333333 33333333 33333333 33333333 33333333 33333333 
03333333 33333333 33333333 33333333 33333333 33333333 33333333 33333333 33333333 33333333 33333333 33333333 33333333 33333333 33333333 33333333 
03333333 33333333 33333333 33333333 33333333 33333333 33333333 33333333 33333333 33333333 33333333 33333333 33333333 33333333 33333333 33333333 
03333333 33333333 33333333 33333333 33333333 33333333 33333333 33333333 33333333 33333333 33333333 33333333 33333333 33333333 33333333 33333333 
03333333 33333333 33333333 33333333 33333333 33333333 33333333 33333333 33333333 33333333 33333333 33333333 33333333 33333333 33333333 33333333 
03333333 33333333 33333333 33333333 33333333 33333333 33333333 33333333 33333333 33333333 33333333 33333333 33333333 33333333 33333333 33333333 
03333333 33333333 33333333 33333333 33333333 33333333 33333333 33333333 33333333 33333333 33333333 33333333 33333333 33333333 33333333 33333333 
03333333 33333333 33333333 33333333 33333333 33333333 33333333 33333333 33333333 33333333 33333333 33333333 33333333 33333333 33333333 33333333 
03333333 33333333 33333333 33333333 33333333 33333333 33333333 33333333 33333333 33333333 33333333 33333333 33333333 33333333 33333333 33333333 
03333333 33333333 33333333 33333333 33333333 33333333 33333333 33333333 33333333 33333333 33333333 33333333 33333333 33333333 33333333 33333333 
03333333 33333333 33333333 33333333 33333333 33333333 33333333 33333333 33333333 33333333 33333333 33333333 33333333 33333333 33333333 33333333 
03333333 33333333 33333333 33333333 33333333 33333333 33333333 33333333 33333333 33333333 33333333 33333333 33333333 33333333 33333333 33333333 
03333333 33333333 33333333 33333333 33333333 33333333 33333333 33333333 33333333 33333333 33333333 33333333 33333333 33333333 33333333 33333333 
03333333 33333333 33333333 33333333 33333333 33333333 33333333 33333333 33333333 33333333 33333333 33333333 33333333 33333333 33333333 33333333 
03333333 33333333 33333333 33333333 33333333 33333333 33333333 33333333 33333333 33333333 33333333 33333333 33333333 33333333 33333333 33333333 
03333333 33333333 33333333 33333333 33333333 33333333 33333333 33333333 33333333 33333333 33333333 33333333 33333333 33333333 33333333 33333333 
03333333 33333333 33333333 33333333 33333333 33333333 33333333 33333333 33333333 33333333 33333333 33333333 33333333 33333333 33333333 33333333 
03333333 33333333 33333333 33333333 33333333 33333333 33333333 33333333 33333333 33333333 33333333 33333333 33333333 33333333 33333333 33333333 
03333333 33333333 33333333 33333333 33333333 33333333 33333333 33333333 33333333 33333333 33333333 33333333 33333333 33333333 33333333 33333333 
03333333 33333333 33333333 33333333 33333333 33333333 33333333 33333333 33333333 33333333 33333333 33333333 33333333 33333333 33333333 33333333 
03333333 33333333 33333333 33333333 33333333 33333333 33333333 33333333 33333333 33333333 33333333 33333333 33333333 33333333 33333333 33333333 
03333333 33333333 33333333 33333333 33333333 33333333 33333333 33333333 33333333 33333333 33333333 33333333 33333333 33333333 33333333 33333333 
03333333 33333333 33333333 33333333 33333333 33333333 33333333 33333333 33333333 33333333 33333333 33333333 33333333 33333333 33333333 33333333 
03333333 33333333 33333333 33333333 33333333 33333333 33333333 33333333 33333333 33333333 33333333 33333333 33333333 33333333 33333333 33333333 
03333333 33333333 33333333 33333333 33333333 33333333 33333333 33333333 33333333 33333333 33333333 33333333 33333333 33333333 33333333 33333333 
03333333 33333333 33333333 33333333 33333333 33333333 33333333 33333333 33333333 33333333 33333333 33333333 33333333 33333333 33333333 33333333 
03333333 33333333 33333333 33333333 33333333 33333333 33333333 33333333 33333333 33333333 33333333 33333333 33333333 33333333 33333333 33333333 
03333333 33333333 33333333 33333333 33333333 33333333 33333333 33333333 33333333 33333333 33333333 33333333 33333333 33333333 33333333 33333333 
03333333 33333333 33333333 33333333 33333333 33333333 33333333 33333333 33333333 33333333 33333333 33333333 33333333 33333333 33333333 33333333 
03333333 33333333 33333333 33333333 33333333 33333333 33333333 33333333 33333333 33333333 33333333 33333333 33333333 33333333 33333333 33333333 
03333333 33333333 33333333 33333333 33333333 33333333 33333333 33333333 33333333 33333333 33333333 33333333 33333333 33333333 33333333 33333333 
03333333 33333333 33333333 33333333 33333333 33333333 33333333 33333333 33333333 33333333 33333333 33333333 33333333 33333333 33333333 33333333 
03333333 33333333 33333333 33333333 33333333 33333333 33333333 33333333 33333333 33333333 33333333 33333333 33333333 33333333 33333333 33333333 
03333333 33333333 33333333 33333333 33333333 33333333 33333333 33333333 33333333 33333333 33333333 33333333 33333333 33333333 33333333 33333333 
03333333 33333333 33333333 33333333 33333333 33333333 33333333 33333333 33333333 33333333 33333333 33333333 33333333 33333333 33333333 33333333 
03333333 33333333 33333333 33333333 33333333 33333333 33333333 33333333 33333333 33333333 33333333 33333333 33333333 33333333 33333333 33333333 
03333333 33333333 33333333 33333333 33333333 33333333 33333333 33333333 33333333 33333333 33333333 33333333 33333333 33333333 33333333 33333333 
03333333 33333333 33333333 33333333 33333333 33333333 33333333 33333333 33333333 33333333 33333333 33333333 33333333 33333333 33333333 33333333 
03333333 33333333 33333333 33333333 33333333 33333333 33333333 33333333 33333333 33333333 33333333 33333333 33333333 33333333 33333333 33333333 
03333333 33333333 33333333 33333333 33333333 33333333 33333333 33333333 33333333 33333333 33333333 33333333 33333333 33333333 33333333 33333333 
03333333 33333333 33333333 33333333 33333333 33333333 33333333 33333333 33333333 33333333 33333333 33333333 33333333 33333333 33333333 33333333 
03333333 33333333 33333333 33333333 33333333 33333333 33333333 33333333 33333333 33333333 33333333 33333333 33333333 33333333 33333333 33333333 
03333333 33333333 33333333 33333333 33333333 33333333 33333333 33333333 33333333 33333333 33333333 33333333 33333333 33333333 33333333 33333333 
03333333 33333333 33333333 33333333 33333333 33333333 33333333 33333333 33333333 33333333 33333333 33333333 33333333 33333333 33333333 33333333 
03333333 33333333 33333333 33333333 33333333 33333333 33333333 33333333 33333333 33333333 33333333 33333333 33333333 33333333 33333333 33333333 
03333333 33333333 33333333 33333333 33333333 33333333 33333333 33333333 33333333 33333333 33333333 33333333 33333333 33333333 33333333 33333333 
03333333 33333333 33333333 33333333 33333333 33333333 33333333 33333333 33333333 33333333 33333333 33333333 33333333 33333333 33333333 33333333 
03333333 33333333 33333333 33333333 33333333 33333333 33333333 33333333 33333333 33333333 33333333 33333333 33333333 33333333 33333333 33333333 
03333333 33333333 33333333 33333333 33333333 33333333 33333333 33333333 33333333 33333333 33333333 33333333 33333333 33333333 33333333 33333333 
03333333 33333333 33333333 33333333 33333333 33333333 33333333 33333333 33333333 33333333 33333333 33333333 33333333 33333333 33333333 33333333 
03333333 33333333 33333333 33333333 33333333 33333333 33333333 33333333 33333333 33333333 33333333 33333333 33333333 33333333 33333333 33333333 
03333333 33333333 33333333 33333333 33333333 33333333 33333333 33333333 33333333 33333333 33333333 33333333 33333333 33333333 33333333 33333333 
03333333 33333333 33333333 33333333 33333333 33333333 33333333 33333333 33333333 33333333 33333333 33333333 33333333 33333333 33333333 33333333 
