19999999 99999999 99999999 99999999 99999999 99999999 99999999 99999999 99999999 99999999 99999999 99999999 99999999 99999999 99999999 99999999 
19999999 99999999 99999999 99999999 99999999 99999999 99999999 99999999 99999997 77777777 77777777 77777777 77777777 77777777 77777777 77777777 
17777777 77777777 77777777 77777777 77777777 77777777 77777777 77777777 77777779 99999999 99999999 99999999 99999999 99999999 99999999 99999999 
09994444 44444444 44444444 44444444 44444444 44444444 44444444 44444444 44444444 44444444 44444444 44444444 44444444 44444444 44444444 44444444 
04444444 44444444 44444444 44444444 44444444 44444444 44444444 44444444 44444444 44444444 44444444 44444444 44444444 44444444 44444444 44444444 
04444444 44444444 44444444 44444444 44444444 44444444 44444444 44444444 44444444 44444444 44444444 44444444 44444444 44444444 44444444 44444444 
04444444 44444444 44444444 44444444 44444444 44444444 44444444 44444444 44444444 44444444 44444444 44444444 44444444 44444444 44444444 44444444 
04444444 44444444 44444444 44444444 44444444 44444444 44444444 44444444 44444444 44444444 44444444 44444444 44444444 44444444 44444444 44444444 
04444444 44444444 44444444 44444444 44444444 44444444 44444444 44444444 44444444 44444444 44444444 44444444 44444444 44444444 44444444 44444444 
04444444 44444444 44444444 44444444 44444444 44444444 44444444 44444444 44444444 44444444 44444444 44444444 44444444 44444444 44444444 44444444 
04444444 44444444 44444444 44444444 44444444 44444444 44444444 44444444 44444444 44444444 44444444 44444444 44444444 44444444 44444444 44444444 
04444444 44444444 44444444 44444444 44444444 44444444 44444444 44444444 44444444 44444444 44444444 44444444 44444444 44444444 44444444 44444444 
04444444 44444444 44444444 44444444 44444444 44444444 44444444 44444444 44444444 44444444 44444444 44444444 44444444 44444444 44444444 44444444 
04444444 44444444 44444444 44444444 44444444 44444444 44444444 44444444 44444444 44444444 44444444 44444444 44444444 44444444 44444444 44444444 
04444444 44444444 44444444 44444444 44444444 44444444 44444444 44444444 44444444 44444444 44444444 44444444 44444444 44444444 44444444 44444444 
14444444 44444444 44444444 44444444 44444444 44444444 44444444 44444444 44444444 44444444 44444444 44444444 44444444 44444444 44444444 44444444 
04444444 44444444 44444444 44444444 44444444 44444444 44444444 44444444 44444444 44444444 44444444 44444444 44444444 44444444 44444444 44444444 
04444444 44444444 44444444 44444444 44444444 44444444 44444444 44444444 44444444 44444444 44444444 44444444 44444444 44444444 44444444 44444444 
04444444 44444444 44444444 44444444 44444444 44444444 44444444 44444444 44444444 44444444 44444444 44444444 44444444 44444444 44444444 44444444 
04444444 44444444 44444444 44444444 44444444 44444444 44444444 44444444 44444444 44444444 44444444 44444444 44444444 44444444 44444444 44444444 
04444444 44444444 44444444 44444444 44444444 44444444 44444444 44444444 44444444 44444444 44444444 44444444 44444444 44444444 44444444 44444444 
04444444 44444444 44444444 44444444 44444444 44444444 44444444 44444444 44444444 44444444 44444444 44444444 44444444 44444444 44444444 44444444 
04444444 44444444 44444444 44444444 44444444 44444444 44444444 44444444 44444444 44444444 44444444 44444444 44444444 44444444 44444444 44444444 
04444444 44444444 44444444 44444444 44444444 44444444 44444444 44444444 44444444 44444444 44444444 44444444 44444444 44444444 44444444 44444444 
04444444 44444444 44444444 44444444 44444444 44444444 44444444 44444444 44444444 44444444 44444444 44444444 44444444 44444444 44444444 44444444 
04444444 44444444 44444444 44444444 44444444 44444444 44444444 44444444 44444444 44444444 44444444 44444444 44444444 44444444 44444444 44444444 
04444444 44444444 44444444 44444444 44444444 44444444 44444444 44444444 44444444 44444444 44444444 44444444 44444444 44444444 44444444 44444444 
04444444 44444444 44444444 44444444 44444444 44444444 44444444 44444444 44444444 44444444 44444444 44444444 44444444 44444444 44444444 44444444 
04444444 44444444 44444444 44444444 44444444 44444444 44444444 44444444 44444444 44444444 44444444 44444444 44444444 44444444 44444444 44444444 
04444444 44444444 44444444 44444444 44444444 44444444 44444444 44444444 44444444 44444444 44444444 44444444 44444444 44444444 44444444 44444444 
04444444 44444444 44444444 44444444 44444444 44444444 44444444 44444444 44444444 44444444 44444444 44444444 44444444 44444444 44444444 44444444 
04444444 44444444 44444444 44444444 44444444 44444444 44444444 44444444 44444444 44444444 44444444 44444444 44444444 44444444 44444444 44444444 
04444444 44444444 44444444 44444444 44444444 44444444 44444444 44444444 44444444 44444444 44444444 44444444 44444444 44444444 44444444 44444444 
04444444 44444444 44444444 44444444 44444444 44444444 44444444 44444444 44444444 44444444 44444444 44444444 44444444 44444444 44444444 44444444 
04444444 44444444 44444444 44444444 44444444 44444444 44444444 44444444 44444444 44444444 44444444 44444444 44444444 44444444 44444444 44444444 
04444444 44444444 44444444 44444444 44444444 44444444 44444444 44444444 44444444 44444444 44444444 44444444 44444444 44444444 44444444 44444444 
04444444 44444444 44444444 44444444 44444444 44444444 44444444 44444444 44444444 44444444 44444444 44444444 44444444 44444444 44444444 44444444 
04444444 44444444 44444444 44444444 44444444 44444444 44444444 44444444 44444444 44444444 44444444 44444444 44444444 44444444 44444444 44444444 
04444444 44444444 44444444 44444444 44444444 44444444 44444444 44444444 44444444 44444444 44444444 44444444 44444444 44444444 44444444 44444444 
04444444 44444444 44444444 44444444 44444444 44444444 44444444 44444444 44444444 44444444 44444444 44444444 44444444 44444444 44444444 44444444 
04444444 44444444 44444444 44444444 44444444 44444444 44444444 44444444 44444444 44444444 44444444 44444444 44444444 44444444 44444444 44444444 
04444444 44444444 44444444 44444444 44444444 44444444 44444444 44444444 44444444 44444444 44444444 44444444 44444444 44444444 44444444 44444444 
04444444 44444444 44444444 44444444 44444444 44444444 44444444 44444444 44444444 44444444 44444444 44444444 44444444 44444444 44444444 44444444 
04444444 44444444 44444444 44444444 44444444 44444444 44444444 44444444 44444444 44444444 44444444 44444444 44444444 44444444 44444444 44444444 
04444444 44444444 44444444 44444444 44444444 44444444 44444444 44444444 44444444 44444444 44444444 44444444 44444444 44444444 44444444 44444444 
04444444 44444444 44444444 44444444 44444444 44444444 44444444 44444444 44444444 44444444 44444444 44444444 44444444 44444444 44444444 44444444 
04444444 44444444 44444444 44444444 44444444 44444444 44444444 44444444 44444444 44444444 44444444 44444444 44444444 44444444 44444444 44444444 
04444444 44444444 44444444 44444444 44444444 44444444 44444444 44444444 44444444 44444444 44444444 44444444 44444444 44444444 44444444 44444444 
04444444 44444444 44444444 44444444 44444444 44444444 44444444 44444444 44444444 44444444 44444444 44444444 44444444 44444444 44444444 44444444 
04444444 44444444 44444444 44444444 44444444 44444444 44444444 44444444 44444444 44444444 44444444 44444444 44444444 44444444 44444444 44444444 
04444444 44444444 44444444 44444444 44444444 44444444 44444444 44444444 44444444 44444444 44444444 44444444 44444444 44444444 44444444 44444444 
04444444 44444444 44444444 44444444 44444444 44444444 44444444 44444444 44444444 44444444 44444444 44444444 44444444 44444444 44444444 44444444 
04444444 44444444 44444444 44444444 44444444 44444444 44444444 44444444 44444444 44444444 44444444 44444444 44444444 44444444 44444444 44444444 
04444444 44444444 44444444 44444444 44444444 44444444 44444444 44444444 44444444 44444444 44444444 44444444 44444444 44444444 44444444 44444444 
04444444 44444444 44444444 44444444 44444444 44444444 44444444 44444444 44444444 44444444 44444444 44444444 44444444 44444444 44444444 44444444 
04444444 44444444 44444444 44444444 44444444 44444444 44444444 44444444 44444444 44444444 44444444 44444444 44444444 44444444 44444444 44444444 
04444444 44444444 44444444 44444444 44444444 44444444 44444444 44444444 44444444 44444444 44444444 44444444 44444444 44444444 44444444 44444444 
04444444 44444444 44444444 44444444 44444444 44444444 44444444 44444444 44444444 44444444 44444444 44444444 44444444 44444444 44444444 44444444 
04444444 44444444 44444444 44444444 44444444 44444444 44444444 44444444 44444444 44444444 44444444 44444444 44444444 44444444 44444444 44444444 
04444444 44444444 44444444 44444444 44444444 44444444 44444444 44444444 44444444 44444444 44444444 44444444 44444444 44444444 44444444 44444444 
04444444 44444444 44444444 44444444 44444444 44444444 44444444 44444444 44444444 44444444 44444444 44444444 44444444 44444444 44444444 44444444 
04444444 44444444 44444444 44444444 44444444 44444444 44444444 44444444 44444444 44444444 44444444 44444444 44444444 44444444 44444444 44444444 
04444444 44444444 44444444 44444444 44444444 44444444 44444444 44444444 44444444 44444444 44444444 44444444 44444444 44444444 44444444 44444444 
04444444 44444444 44444444 44444444 44444444 44444444 44444444 44444444 44444444 44444444 44444444 44444444 44444444 44444444 44444444 44444444 
04444444 44444444 44444444 44444444 44444444 44444444 44444444 44444444 44444444 44444444 44444444 44444444 44444444 44444444 44444444 44444444 
04444444 44444444 44444444 44444444 44444444 44444444 44444444 44444444 44444444 44444444 44444444 44444444 44444444 44444444 44444444 44444444 
04444444 44444444 44444444 44444444 44444444 44444444 44444444 44444444 44444444 44444444 44444444 44444444 44444444 44444444 44444444 44444444 
04444444 44444444 44444444 44444444 44444444 44444444 44444444 44444444 44444444 44444444 44444444 44444444 44444444 44444444 44444444 44444444 
04444444 44444444 44444444 44444444 44444444 44444444 44444444 44444444 44444444 44444444 44444444 44444444 44444444 44444444 44444444 44444444 
04444444 44444444 44444444 44444444 44444444 44444444 44444444 44444444 44444444 44444444 44444444 44444444 44444444 44444444 44444444 44444444 
04444444 44444444 44444444 44444444 44444444 44444444 44444444 44444444 44444444 44444444 44444444 44444444 44444444 44444444 44444444 44444444 
04444444 44444444 44444444 44444444 44444444 44444444 44444444 44444444 44444444 44444444 44444444 44444444 44444444 44444444 44444444 44444444 
04444444 44444444 44444444 44444444 44444444 44444444 44444444 44444444 44444444 44444444 44444444 44444444 44444444 44444444 44444444 44444444 
04444444 44444444 44444444 44444444 44444444 44444444 44444444 44444444 44444444 44444444 44444444 44444444 44444444 44444444 44444444 44444444 
04444444 44444444 44444444 44444444 44444444 44444444 44444444 44444444 44444444 44444444 44444444 44444444 44444444 44444444 44444444 44444444 
04444444 44444444 44444444 44444444 44444444 44444444 44444444 44444444 44444444 44444444 44444444 44444444 44444444 44444444 44444444 44444444 
04444444 44444444 44444444 44444444 44444444 44444444 44444444 44444444 44444444 44444444 44444444 44444444 44444444 44444444 44444444 44444444 
04444444 44444444 44444444 44444444 44444444 44444444 44444444 44444444 44444444 44444444 44444444 44444444 44444444 44444444 44444444 44444444 
04444444 44444444 44444444 44444444 44444444 44444444 44444444 44444444 44444444 44444444 44444444 44444444 44444444 44444444 44444444 44444444 
04444444 44444444 44444444 44444444 44444444 44444444 44444444 44444444 44444444 44444444 44444444 44444444 44444444 44444444 44444444 44444444 
04444444 44444444 44444444 44444444 44444444 44444444 44444444 44444444 44444444 44444444 44444444 44444444 44444444 44444444 44444444 44444444 
04444444 44444444 44444444 44444444 44444444 44444444 44444444 44444444 44444444 44444444 44444444 44444444 44444444 44444444 44444444 44444444 
04444444 44444444 44444444 44444444 44444444 44444444 44444444 44444444 44444444 44444444 44444444 44444444 44444444 44444444 44444444 44444444 
04444444 44444444 44444444 44444444 44444444 44444444 44444444 44444444 44444444 44444444 44444444 44444444 44444444 44444444 44444444 44444444 
04444444 44444444 44444444 44444444 44444444 44444444 44444444 44444444 44444444 44444444 44444444 44444444 44444444 44444444 44444444 44444444 
04444444 44444444 44444444 44444444 44444444 44444444 44444444 44444444 44444444 44444444 44444444 44444444 44444444 44444444 44444444 44444444 
04444444 44444444 44444444 44444444 44444444 44444444 44444444 44444444 44444444 44444444 44444444 44444444 44444444 44444444 44444444 44444444 
04444444 44444444 44444444 44444444 44444444 44444444 44444444 44444444 44444444 44444444 44444444 44444444 44444444 44444444 44444444 44444444 
04444444 44444444 44444444 44444444 44444444 44444444 44444444 44444444 44444444 44444444 44444444 44444444 44444444 44444444 44444444 44444444 
04444444 44444444 44444444 44444444 44444444 44444444 44444444 44444444 44444444 44444444 44444444 44444444 44444444 44444444 44444444 44444444 
04444444 44444444 44444444 44444444 44444444 44444444 44444444 44444444 44444444 44444444 44444444 44444444 44444444 44444444 44444444 44444444 
04444444 44444444 44444444 44444444 44444444 44444444 44444444 44444444 44444444 44444444 44444444 44444444 44444444 44444444 44444444 44444444 
04444444 44444444 44444444 44444444 44444444 44444444 44444444 44444444 44444444 44444444 44444444 44444444 44444444 44444444 44444444 44444444 
04444444 44444444 44444444 44444444 44444444 44444444 44444444 44444444 44444444 44444444 44444444 44444444 44444444 44444444 44444444 44444444 
04444444 44444444 44444444 44444444 44444444 44444444 44444444 44444444 44444444 44444444 44444444 44444444 44444444 44444444 44444444 44444444 
04444444 44444444 44444444 44444444 44444444 44444444 44444444 44444444 44444444 44444444 44444444 44444444 44444444 44444444 44444444 44444444 
04444444 44444444 44444444 44444444 44444444 44444444 44444444 44444444 44444444 44444444 44444444 44444444 44444444 44444444 44444444 44444444 
04444444 44444444 44444444 44444444 44444444 44444444 44444444 44444444 44444444 44444444 44444444 44444444 44444444 44444444 44444444 44444444 
04444444 44444444 44444444 44444444 44444444 44444444 44444444 44444444 44444444 44444444 44444444 44444444 44444444 44444444 44444444 44444444 
04444444 44444444 44444444 44444444 44444444 44444444 44444444 44444444 44444444 44444444 44444444 44444444 44444444 44444444 44444444 44444444 
04444444 44444444 44444444 44444444 44444444 44444444 44444444 44444444 44444444 44444444 44444444 44444444 44444444 44444444 44444444 44444444 
04444444 44444444 44444444 44444444 44444444 44444444 44444444 44444444 44444444 44444444 44444444 44444444 44444444 44444444 44444444 44444444 
04444444 44444444 44444444 44444444 44444444 44444444 44444444 44444444 44444444 44444444 44444444 44444444 44444444 44444444 44444444 44444444 
04444444 44444444 44444444 44444444 44444444 44444444 44444444 44444444 44444444 44444444 44444444 44444444 44444444 44444444 44444444 44444444 
04444444 44444444 44444444 44444444 44444444 44444444 44444444 44444444 44444444 44444444 44444444 44444444 44444444 44444444 44444444 44444444 
04444444 44444444 44444444 44444444 44444444 44444444 44444444 44444444 44444444 44444444 44444444 44444444 44444444 44444444 44444444 44444444 
04444444 44444444 44444444 44444444 44444444 44444444 44444444 44444444 44444444 44444444 44444444 44444444 44444444 44444444 44444444 44444444 
04444444 44444444 44444444 44444444 44444444 44444444 44444444 44444444 44444444 44444444 44444444 44444444 44444444 44444444 44444444 44444444 
04444444 44444444 44444444 44444444 44444444 44444444 44444444 44444444 44444444 44444444 44444444 44444444 44444444 44444444 44444444 44444444 
04444444 44444444 44444444 44444444 44444444 44444444 44444444 44444444 44444444 44444444 44444444 44444444 44444444 44444444 44444444 44444444 
04444444 44444444 44444444 44444444 44444444 44444444 44444444 44444444 44444444 44444444 44444444 44444444 44444444 44444444 44444444 44444444 
04444444 44444444 44444444 44444444 44444444 44444444 44444444 44444444 44444444 44444444 44444444 44444444 44444444 44444444 44444444 44444444 
04444444 44444444 44444444 44444444 44444444 44444444 44444444 44444444 44444444 44444444 44444444 44444444 44444444 44444444 44444444 44444444 
04444444 44444444 44444444 44444444 44444444 44444444 44444444 44444444 44444444 44444444 44444444 44444444 44444444 44444444 44444444 44444444 
04444444 44444444 44444444 44444444 44444444 44444444 44444444 44444444 44444444 44444444 44444444 44444444 44444444 44444444 44444444 44444444 
04444444 44444444 44444444 44444444 44444444 44444444 44444444 44444444 44444444 44444444 44444444 44444444 44444444 44444444 44444444 44444444 
04444444 44444444 44444444 44444444 44444444 44444444 44444444 44444444 44444444 44444444 44444444 44444444 44444444 44444444 44444444 44444444 
04444444 44444444 44444444 44444444 44444444 44444444 44444444 44444444 44444444 44444444 44444444 44444444 44444444 44444444 44444444 44444444 
04444444 44444444 44444444 44444444 44444444 44444444 44444444 44444444 44444444 44444444 44444444 44444444 44444444 44444444 44444444 44444444 
04444444 44444444 44444444 44444444 44444444 44444444 44444444 44444444 44444444 44444444 44444444 44444444 44444444 44444444 44444444 44444444 
04444444 44444444 44444444 44444444 44444444 44444444 44444444 44444444 44444444 44444444 44444444 44444444 44444444 44444444 44444444 44444444 
04444444 44444444 44444444 44444444 44444444 44444444 44444444 44444444 44444444 44444444 44444444 44444444 44444444 44444444 44444444 44444444 
04444444 44444444 44444444 44444444 44444444 44444444 44444444 44444444 44444444 44444444 44444444 44444444 44444444 44444444 44444444 44444444 
04444444 44444444 44444444 44444444 44444444 44444444 44444444 44444444 44444444 44444444 44444444 44444444 44444444 44444444 44444444 44444444 
04444444 44444444 44444444 44444444 44444444 44444444 44444444 44444444 44444444 44444444 44444444 44444444 44444444 44444444 44444444 44444444 
04444444 44444444 44444444 44444444 44444444 44444444 44444444 44444444 44444444 44444444 44444444 44444444 44444444 44444444 44444444 44444444 
04444444 44444444 44444444 44444444 44444444 44444444 44444444 44444444 44444444 44444444 44444444 44444444 44444444 44444444 44444444 44444444 
04444444 44444444 44444444 44444444 44444444 44444444 44444444 44444444 44444444 44444444 44444444 44444444 44444444 44444444 44444444 44444444 
