19999999 99999999 99999999 99999999 99999999 99999999 99999999 99999999 99999999 99999999 99999999 99999999 99999999 99999999 99999999 99999999 
19999999 99999999 99999999 77777777 77777777 77777777 77777777 77777777 77777777 77777777 77777777 77777777 77777777 77777777 77777777 77777777 
17777777 77777777 77777777 99999999 99999999 99999999 99999999 99999999 99999999 99999999 99999999 99999999 99999999 99999999 99999999 99999999 
09995555 55555555 55555555 55555555 55555555 55555555 55555555 55555555 55555555 55555555 55555555 55555555 55555555 55555555 55555555 55555555 
05555555 55555555 55555555 55555555 55555555 55555555 55555555 55555555 55555555 55555555 55555555 55555555 55555555 55555555 55555555 55555555 
05555555 55555555 55555555 55555555 55555555 55555555 55555555 55555555 55555555 55555555 55555555 55555555 55555555 55555555 55555555 55555555 
05555555 55555555 55555555 55555555 55555555 55555555 55555555 55555555 55555555 55555555 55555555 55555555 55555555 55555555 55555555 55555555 
05555555 55555555 55555555 55555555 55555555 55555555 55555555 55555555 55555555 55555555 55555555 55555555 55555555 55555555 55555555 55555555 
05555555 55555555 55555555 55555555 55555555 55555555 55555555 55555555 55555555 55555555 55555555 55555555 55555555 55555555 55555555 55555555 
05555555 55555555 55555555 55555555 55555555 55555555 55555555 55555555 55555555 55555555 55555555 55555555 55555555 55555555 55555555 55555555 
05555555 55555555 55555555 55555555 55555555 55555555 55555555 55555555 55555555 55555555 55555555 55555555 55555555 55555555 55555555 55555555 
05555555 55555555 55555555 55555555 55555555 55555555 55555555 55555555 55555555 55555555 55555555 55555555 55555555 55555555 55555555 55555555 
05555555 55555555 55555555 55555555 55555555 55555555 55555555 55555555 55555555 55555555 55555555 55555555 55555555 55555555 55555555 55555555 
05555555 55555555 55555555 55555555 55555555 55555555 55555555 55555555 55555555 55555555 55555555 55555555 55555555 55555555 55555555 55555555 
05555555 55555555 55555555 55555555 55555555 55555555 55555555 55555555 55555555 55555555 55555555 55555555 55555555 55555555 55555555 55555555 
15555555 55555555 55555555 55555555 55555555 55555555 55555555 55555555 55555555 55555555 55555555 55555555 55555555 55555555 55555555 55555555 
05555555 55555555 55555555 55555555 55555555 55555555 55555555 55555555 55555555 55555555 55555555 55555555 55555555 55555555 55555555 55555555 
05555555 55555555 55555555 55555555 55555555 55555555 55555555 55555555 55555555 55555555 55555555 55555555 55555555 55555555 55555555 55555555 
05555555 55555555 55555555 55555555 55555555 55555555 55555555 55555555 55555555 55555555 55555555 55555555 55555555 55555555 55555555 55555555 
05555555 55555555 55555555 55555555 55555555 55555555 55555555 55555555 55555555 55555555 55555555 55555555 55555555 55555555 55555555 55555555 
05555555 55555555 55555555 55555555 55555555 55555555 55555555 55555555 55555555 55555555 55555555 55555555 55555555 55555555 55555555 55555555 
05555555 55555555 55555555 55555555 55555555 55555555 55555555 55555555 55555555 55555555 55555555 55555555 55555555 55555555 55555555 55555555 
05555555 55555555 55555555 55555555 55555555 55555555 55555555 55555555 55555555 55555555 55555555 55555555 55555555 55555555 55555555 55555555 
05555555 55555555 55555555 55555555 55555555 55555555 55555555 55555555 55555555 55555555 55555555 55555555 55555555 55555555 55555555 55555555 
05555555 55555555 55555555 55555555 55555555 55555555 55555555 55555555 55555555 55555555 55555555 55555555 55555555 55555555 55555555 55555555 
05555555 55555555 55555555 55555555 55555555 55555555 55555555 55555555 55555555 55555555 55555555 55555555 55555555 55555555 55555555 55555555 
05555555 55555555 55555555 55555555 55555555 55555555 55555555 55555555 55555555 55555555 55555555 55555555 55555555 55555555 55555555 55555555 
05555555 55555555 55555555 55555555 55555555 55555555 55555555 55555555 55555555 55555555 55555555 55555555 55555555 55555555 55555555 55555555 
05555555 55555555 55555555 55555555 55555555 55555555 55555555 55555555 55555555 55555555 55555555 55555555 55555555 55555555 55555555 55555555 
05555555 55555555 55555555 55555555 55555555 55555555 55555555 55555555 55555555 55555555 55555555 55555555 55555555 55555555 55555555 55555555 
05555555 55555555 55555555 55555555 55555555 55555555 55555555 55555555 55555555 55555555 55555555 55555555 55555555 55555555 55555555 55555555 
05555555 55555555 55555555 55555555 55555555 55555555 55555555 55555555 55555555 55555555 55555555 55555555 55555555 55555555 55555555 55555555 
05555555 55555555 55555555 55555555 55555555 55555555 55555555 55555555 55555555 55555555 55555555 55555555 55555555 55555555 55555555 55555555 
05555555 55555555 55555555 55555555 55555555 55555555 55555555 55555555 55555555 55555555 55555555 55555555 55555555 55555555 55555555 55555555 
05555555 55555555 55555555 55555555 55555555 55555555 55555555 55555555 55555555 55555555 55555555 55555555 55555555 55555555 55555555 55555555 
05555555 55555555 55555555 55555555 55555555 55555555 55555555 55555555 55555555 55555555 55555555 55555555 55555555 55555555 55555555 55555555 
05555555 55555555 55555555 55555555 55555555 55555555 55555555 55555555 55555555 55555555 55555555 55555555 55555555 55555555 55555555 55555555 
05555555 55555555 55555555 55555555 55555555 55555555 55555555 55555555 55555555 55555555 55555555 55555555 55555555 55555555 55555555 55555555 
05555555 55555555 55555555 55555555 55555555 55555555 55555555 55555555 55555555 55555555 55555555 55555555 55555555 55555555 55555555 55555555 
05555555 55555555 55555555 55555555 55555555 55555555 55555555 55555555 55555555 55555555 55555555 55555555 55555555 55555555 55555555 55555555 
05555555 55555555 55555555 55555555 55555555 55555555 55555555 55555555 55555555 55555555 55555555 55555555 55555555 55555555 55555555 55555555 
05555555 55555555 55555555 55555555 55555555 55555555 55555555 55555555 55555555 55555555 55555555 55555555 55555555 55555555 55555555 55555555 
05555555 55555555 55555555 55555555 55555555 55555555 55555555 55555555 55555555 55555555 55555555 55555555 55555555 55555555 55555555 55555555 
05555555 55555555 55555555 55555555 55555555 55555555 55555555 55555555 55555555 55555555 55555555 55555555 55555555 55555555 55555555 55555555 
05555555 55555555 55555555 55555555 55555555 55555555 55555555 55555555 55555555 55555555 55555555 55555555 55555555 55555555 55555555 55555555 
05555555 55555555 55555555 55555555 55555555 55555555 55555555 55555555 55555555 55555555 55555555 55555555 55555555 55555555 55555555 55555555 
05555555 55555555 55555555 55555555 55555555 55555555 55555555 55555555 55555555 55555555 55555555 55555555 55555555 55555555 55555555 55555555 
05555555 55555555 55555555 55555555 55555555 55555555 55555555 55555555 55555555 55555555 55555555 55555555 55555555 55555555 55555555 55555555 
05555555 55555555 55555555 55555555 55555555 55555555 55555555 55555555 55555555 55555555 55555555 55555555 55555555 55555555 55555555 55555555 
05555555 55555555 55555555 55555555 55555555 55555555 55555555 55555555 55555555 55555555 55555555 55555555 55555555 55555555 55555555 55555555 
05555555 55555555 55555555 55555555 55555555 55555555 55555555 55555555 55555555 55555555 55555555 55555555 55555555 55555555 55555555 55555555 
05555555 55555555 55555555 55555555 55555555 55555555 55555555 55555555 55555555 55555555 55555555 55555555 55555555 55555555 55555555 55555555 
05555555 55555555 55555555 55555555 55555555 55555555 55555555 55555555 55555555 55555555 55555555 55555555 55555555 55555555 55555555 55555555 
05555555 55555555 55555555 55555555 55555555 55555555 55555555 55555555 55555555 55555555 55555555 55555555 55555555 55555555 55555555 55555555 
05555555 55555555 55555555 55555555 55555555 55555555 55555555 55555555 55555555 55555555 55555555 55555555 55555555 55555555 55555555 55555555 
05555555 55555555 55555555 55555555 55555555 55555555 55555555 55555555 55555555 55555555 55555555 55555555 55555555 55555555 55555555 55555555 
05555555 55555555 55555555 55555555 55555555 55555555 55555555 55555555 55555555 55555555 55555555 55555555 55555555 55555555 55555555 55555555 
05555555 55555555 55555555 55555555 55555555 55555555 55555555 55555555 55555555 55555555 55555555 55555555 55555555 55555555 55555555 55555555 
05555555 55555555 55555555 55555555 55555555 55555555 55555555 55555555 55555555 55555555 55555555 55555555 55555555 55555555 55555555 55555555 
05555555 55555555 55555555 55555555 55555555 55555555 55555555 55555555 55555555 55555555 55555555 55555555 55555555 55555555 55555555 55555555 
05555555 55555555 55555555 55555555 55555555 55555555 55555555 55555555 55555555 55555555 55555555 55555555 55555555 55555555 55555555 55555555 
05555555 55555555 55555555 55555555 55555555 55555555 55555555 55555555 55555555 55555555 55555555 55555555 55555555 55555555 55555555 55555555 
05555555 55555555 55555555 55555555 55555555 55555555 55555555 55555555 55555555 55555555 55555555 55555555 55555555 55555555 55555555 55555555 
05555555 55555555 55555555 55555555 55555555 55555555 55555555 55555555 55555555 55555555 55555555 55555555 55555555 55555555 55555555 55555555 
05555555 55555555 55555555 55555555 55555555 55555555 55555555 55555555 55555555 55555555 55555555 55555555 55555555 55555555 55555555 55555555 
05555555 55555555 55555555 55555555 55555555 55555555 55555555 55555555 55555555 55555555 55555555 55555555 55555555 55555555 55555555 55555555 
05555555 55555555 55555555 55555555 55555555 55555555 55555555 55555555 55555555 55555555 55555555 55555555 55555555 55555555 55555555 55555555 
05555555 55555555 55555555 55555555 55555555 55555555 55555555 55555555 55555555 55555555 55555555 55555555 55555555 55555555 55555555 55555555 
05555555 55555555 55555555 55555555 55555555 55555555 55555555 55555555 55555555 55555555 55555555 55555555 55555555 55555555 55555555 55555555 
05555555 55555555 55555555 55555555 55555555 55555555 55555555 55555555 55555555 55555555 55555555 55555555 55555555 55555555 55555555 55555555 
05555555 55555555 55555555 55555555 55555555 55555555 55555555 55555555 55555555 55555555 55555555 55555555 55555555 55555555 55555555 55555555 
05555555 55555555 55555555 55555555 55555555 55555555 55555555 55555555 55555555 55555555 55555555 55555555 55555555 55555555 55555555 55555555 
05555555 55555555 55555555 55555555 55555555 55555555 55555555 55555555 55555555 55555555 55555555 55555555 55555555 55555555 55555555 55555555 
05555555 55555555 55555555 55555555 55555555 55555555 55555555 55555555 55555555 55555555 55555555 55555555 55555555 55555555 55555555 55555555 
05555555 55555555 55555555 55555555 55555555 55555555 55555555 55555555 55555555 55555555 55555555 55555555 55555555 55555555 55555555 55555555 
05555555 55555555 55555555 55555555 55555555 55555555 55555555 55555555 55555555 55555555 55555555 55555555 55555555 55555555 55555555 55555555 
05555555 55555555 55555555 55555555 55555555 55555555 55555555 55555555 55555555 55555555 55555555 55555555 55555555 55555555 55555555 55555555 
05555555 55555555 55555555 55555555 55555555 55555555 55555555 55555555 55555555 55555555 55555555 55555555 55555555 55555555 55555555 55555555 
05555555 55555555 55555555 55555555 55555555 55555555 55555555 55555555 55555555 55555555 55555555 55555555 55555555 55555555 55555555 55555555 
05555555 55555555 55555555 55555555 55555555 55555555 55555555 55555555 55555555 55555555 55555555 55555555 55555555 55555555 55555555 55555555 
05555555 55555555 55555555 55555555 55555555 55555555 55555555 55555555 55555555 55555555 55555555 55555555 55555555 55555555 55555555 55555555 
05555555 55555555 55555555 55555555 55555555 55555555 55555555 55555555 55555555 55555555 55555555 55555555 55555555 55555555 55555555 55555555 
05555555 55555555 55555555 55555555 55555555 55555555 55555555 55555555 55555555 55555555 55555555 55555555 55555555 55555555 55555555 55555555 
05555555 55555555 55555555 55555555 55555555 55555555 55555555 55555555 55555555 55555555 55555555 55555555 55555555 55555555 55555555 55555555 
05555555 55555555 55555555 55555555 55555555 55555555 55555555 55555555 55555555 55555555 55555555 55555555 55555555 55555555 55555555 55555555 
05555555 55555555 55555555 55555555 55555555 55555555 55555555 55555555 55555555 55555555 55555555 55555555 55555555 55555555 55555555 55555555 
05555555 55555555 55555555 55555555 55555555 55555555 55555555 55555555 55555555 55555555 55555555 55555555 55555555 55555555 55555555 55555555 
05555555 55555555 55555555 55555555 55555555 55555555 55555555 55555555 55555555 55555555 55555555 55555555 55555555 55555555 55555555 55555555 
05555555 55555555 55555555 55555555 55555555 55555555 55555555 55555555 55555555 55555555 55555555 55555555 55555555 55555555 55555555 55555555 
05555555 55555555 55555555 55555555 55555555 55555555 55555555 55555555 55555555 55555555 55555555 55555555 55555555 55555555 55555555 55555555 
05555555 55555555 55555555 55555555 55555555 55555555 55555555 55555555 55555555 55555555 55555555 55555555 55555555 55555555 55555555 55555555 
05555555 55555555 55555555 55555555 55555555 55555555 55555555 55555555 55555555 55555555 55555555 55555555 55555555 55555555 55555555 55555555 
05555555 55555555 55555555 55555555 55555555 55555555 55555555 55555555 55555555 55555555 55555555 55555555 55555555 55555555 55555555 55555555 
05555555 55555555 55555555 55555555 55555555 55555555 55555555 55555555 55555555 55555555 55555555 55555555 55555555 55555555 55555555 55555555 
05555555 55555555 55555555 55555555 55555555 55555555 55555555 55555555 55555555 55555555 55555555 55555555 55555555 55555555 55555555 55555555 
05555555 55555555 55555555 55555555 55555555 55555555 55555555 55555555 55555555 55555555 55555555 55555555 55555555 55555555 55555555 55555555 
05555555 55555555 55555555 55555555 55555555 55555555 55555555 55555555 55555555 55555555 55555555 55555555 55555555 55555555 55555555 55555555 
05555555 55555555 55555555 55555555 55555555 55555555 55555555 55555555 55555555 55555555 55555555 55555555 55555555 55555555 55555555 55555555 
05555555 55555555 55555555 55555555 55555555 55555555 55555555 55555555 55555555 55555555 55555555 55555555 55555555 55555555 55555555 55555555 
05555555 55555555 55555555 55555555 55555555 55555555 55555555 55555555 55555555 55555555 55555555 55555555 55555555 55555555 55555555 55555555 
05555555 55555555 55555555 55555555 55555555 55555555 55555555 55555555 55555555 55555555 55555555 55555555 55555555 55555555 55555555 55555555 
05555555 55555555 55555555 55555555 55555555 55555555 55555555 55555555 55555555 55555555 55555555 55555555 55555555 55555555 55555555 55555555 
05555555 55555555 55555555 55555555 55555555 55555555 55555555 55555555 55555555 55555555 55555555 55555555 55555555 55555555 55555555 55555555 
05555555 55555555 55555555 55555555 55555555 55555555 55555555 55555555 55555555 55555555 55555555 55555555 55555555 55555555 55555555 55555555 
05555555 55555555 55555555 55555555 55555555 55555555 55555555 55555555 55555555 55555555 55555555 55555555 55555555 55555555 55555555 55555555 
05555555 55555555 55555555 55555555 55555555 55555555 55555555 55555555 55555555 55555555 55555555 55555555 55555555 55555555 55555555 55555555 
05555555 55555555 55555555 55555555 55555555 55555555 55555555 55555555 55555555 55555555 55555555 55555555 55555555 55555555 55555555 55555555 
05555555 55555555 55555555 55555555 55555555 55555555 55555555 55555555 55555555 55555555 55555555 55555555 55555555 55555555 55555555 55555555 
05555555 55555555 55555555 55555555 55555555 55555555 55555555 55555555 55555555 55555555 55555555 55555555 55555555 55555555 55555555 55555555 
05555555 55555555 55555555 55555555 55555555 55555555 55555555 55555555 55555555 55555555 55555555 55555555 55555555 55555555 55555555 55555555 
05555555 55555555 55555555 55555555 55555555 55555555 55555555 55555555 55555555 55555555 55555555 55555555 55555555 55555555 55555555 55555555 
05555555 55555555 55555555 55555555 55555555 55555555 55555555 55555555 55555555 55555555 55555555 55555555 55555555 55555555 55555555 55555555 
05555555 55555555 55555555 55555555 55555555 55555555 55555555 55555555 55555555 55555555 55555555 55555555 55555555 55555555 55555555 55555555 
05555555 55555555 55555555 55555555 55555555 55555555 55555555 55555555 55555555 55555555 55555555 55555555 55555555 55555555 55555555 55555555 
05555555 55555555 55555555 55555555 55555555 55555555 55555555 55555555 55555555 55555555 55555555 55555555 55555555 55555555 55555555 55555555 
05555555 55555555 55555555 55555555 55555555 55555555 55555555 55555555 55555555 55555555 55555555 55555555 55555555 55555555 55555555 55555555 
05555555 55555555 55555555 55555555 55555555 55555555 55555555 55555555 55555555 55555555 55555555 55555555 55555555 55555555 55555555 55555555 
05555555 55555555 55555555 55555555 55555555 55555555 55555555 55555555 55555555 55555555 55555555 55555555 55555555 55555555 55555555 55555555 
05555555 55555555 55555555 55555555 55555555 55555555 55555555 55555555 55555555 55555555 55555555 55555555 55555555 55555555 55555555 55555555 
05555555 55555555 55555555 55555555 55555555 55555555 55555555 55555555 55555555 55555555 55555555 55555555 55555555 55555555 55555555 55555555 
05555555 55555555 55555555 55555555 55555555 55555555 55555555 55555555 55555555 55555555 55555555 55555555 55555555 55555555 55555555 55555555 
05555555 55555555 55555555 55555555 55555555 55555555 55555555 55555555 55555555 55555555 55555555 55555555 55555555 55555555 55555555 55555555 
05555555 55555555 55555555 55555555 55555555 55555555 55555555 55555555 55555555 55555555 55555555 55555555 55555555 55555555 55555555 55555555 
05555555 55555555 55555555 55555555 55555555 55555555 55555555 55555555 55555555 55555555 55555555 55555555 55555555 55555555 55555555 55555555 
05555555 55555555 55555555 55555555 55555555 55555555 55555555 55555555 55555555 55555555 55555555 55555555 55555555 55555555 55555555 55555555 
05555555 55555555 55555555 55555555 55555555 55555555 55555555 55555555 55555555 55555555 55555555 55555555 55555555 55555555 55555555 55555555 
05555555 55555555 55555555 55555555 55555555 55555555 55555555 55555555 55555555 55555555 55555555 55555555 55555555 55555555 55555555 55555555 
05555555 55555555 55555555 55555555 55555555 55555555 55555555 55555555 55555555 55555555 55555555 55555555 55555555 55555555 55555555 55555555 
