19999999 99999999 99999999 99999999 99999999 99999999 99999999 97777777 77777777 77777777 77777777 77777777 77777777 77777777 77777777 77777777 
17777777 77777777 77777777 77777777 77777777 77777777 77777777 79999999 99999999 99999999 99999999 99999999 99999999 99999999 99999999 99999999 
19999999 99999999 99999999 99999999 99999999 99999999 99999999 99999999 99999999 99999999 99999999 99999999 99999999 99999999 99999999 99999999 
09997777 77777777 77777777 77777777 77777777 77777777 77777777 77777777 77777777 77777777 77777777 77777777 77777777 77777777 77777777 77777777 
07777777 77777777 77777777 77777777 77777777 77777777 77777777 77777777 77777777 77777777 77777777 77777777 77777777 77777777 77777777 77777777 
07777777 77777777 77777777 77777777 77777777 77777777 77777777 77777777 77777777 77777777 77777777 77777777 77777777 77777777 77777777 77777777 
07777777 77777777 77777777 77777777 77777777 77777777 77777777 77777777 77777777 77777777 77777777 77777777 77777777 77777777 77777777 77777777 
07777777 77777777 77777777 77777777 77777777 77777777 77777777 77777777 77777777 77777777 77777777 77777777 77777777 77777777 77777777 77777777 
07777777 77777777 77777777 77777777 77777777 77777777 77777777 77777777 77777777 77777777 77777777 77777777 77777777 77777777 77777777 77777777 
07777777 77777777 77777777 77777777 77777777 77777777 77777777 77777777 77777777 77777777 77777777 77777777 77777777 77777777 77777777 77777777 
07777777 77777777 77777777 77777777 77777777 77777777 77777777 77777777 77777777 77777777 77777777 77777777 77777777 77777777 77777777 77777777 
07777777 77777777 77777777 77777777 77777777 77777777 77777777 77777777 77777777 77777777 77777777 77777777 77777777 77777777 77777777 77777777 
07777777 77777777 77777777 77777777 77777777 77777777 77777777 77777777 77777777 77777777 77777777 77777777 77777777 77777777 77777777 77777777 
07777777 77777777 77777777 77777777 77777777 77777777 77777777 77777777 77777777 77777777 77777777 77777777 77777777 77777777 77777777 77777777 
07777777 77777777 77777777 77777777 77777777 77777777 77777777 77777777 77777777 77777777 77777777 77777777 77777777 77777777 77777777 77777777 
17777777 77777777 77777777 77777777 77777777 77777777 77777777 77777777 77777777 77777777 77777777 77777777 77777777 77777777 77777777 77777777 
07777777 77777777 77777777 77777777 77777777 77777777 77777777 77777777 77777777 77777777 77777777 77777777 77777777 77777777 77777777 77777777 
07777777 77777777 77777777 77777777 77777777 77777777 77777777 77777777 77777777 77777777 77777777 77777777 77777777 77777777 77777777 77777777 
07777777 77777777 77777777 77777777 77777777 77777777 77777777 77777777 77777777 77777777 77777777 77777777 77777777 77777777 77777777 77777777 
07777777 77777777 77777777 77777777 77777777 77777777 77777777 77777777 77777777 77777777 77777777 77777777 77777777 77777777 77777777 77777777 
07777777 77777777 77777777 77777777 77777777 77777777 77777777 77777777 77777777 77777777 77777777 77777777 77777777 77777777 77777777 77777777 
07777777 77777777 77777777 77777777 77777777 77777777 77777777 77777777 77777777 77777777 77777777 77777777 77777777 77777777 77777777 77777777 
07777777 77777777 77777777 77777777 77777777 77777777 77777777 77777777 77777777 77777777 77777777 77777777 77777777 77777777 77777777 77777777 
07777777 77777777 77777777 77777777 77777777 77777777 77777777 77777777 77777777 77777777 77777777 77777777 77777777 77777777 77777777 77777777 
07777777 77777777 77777777 77777777 77777777 77777777 77777777 77777777 77777777 77777777 77777777 77777777 77777777 77777777 77777777 77777777 
07777777 77777777 77777777 77777777 77777777 77777777 77777777 77777777 77777777 77777777 77777777 77777777 77777777 77777777 77777777 77777777 
07777777 77777777 77777777 77777777 77777777 77777777 77777777 77777777 77777777 77777777 77777777 77777777 77777777 77777777 77777777 77777777 
07777777 77777777 77777777 77777777 77777777 77777777 77777777 77777777 77777777 77777777 77777777 77777777 77777777 77777777 77777777 77777777 
07777777 77777777 77777777 77777777 77777777 77777777 77777777 77777777 77777777 77777777 77777777 77777777 77777777 77777777 77777777 77777777 
07777777 77777777 77777777 77777777 77777777 77777777 77777777 77777777 77777777 77777777 77777777 77777777 77777777 77777777 77777777 77777777 
07777777 77777777 77777777 77777777 77777777 77777777 77777777 77777777 77777777 77777777 77777777 77777777 77777777 77777777 77777777 77777777 
07777777 77777777 77777777 77777777 77777777 77777777 77777777 77777777 77777777 77777777 77777777 77777777 77777777 77777777 77777777 77777777 
07777777 77777777 77777777 77777777 77777777 77777777 77777777 77777777 77777777 77777777 77777777 77777777 77777777 77777777 77777777 77777777 
07777777 77777777 77777777 77777777 77777777 77777777 77777777 77777777 77777777 77777777 77777777 77777777 77777777 77777777 77777777 77777777 
07777777 77777777 77777777 77777777 77777777 77777777 77777777 77777777 77777777 77777777 77777777 77777777 77777777 77777777 77777777 77777777 
07777777 77777777 77777777 77777777 77777777 77777777 77777777 77777777 77777777 77777777 77777777 77777777 77777777 77777777 77777777 77777777 
07777777 77777777 77777777 77777777 77777777 77777777 77777777 77777777 77777777 77777777 77777777 77777777 77777777 77777777 77777777 77777777 
07777777 77777777 77777777 77777777 77777777 77777777 77777777 77777777 77777777 77777777 77777777 77777777 77777777 77777777 77777777 77777777 
07777777 77777777 77777777 77777777 77777777 77777777 77777777 77777777 77777777 77777777 77777777 77777777 77777777 77777777 77777777 77777777 
07777777 77777777 77777777 77777777 77777777 77777777 77777777 77777777 77777777 77777777 77777777 77777777 77777777 77777777 77777777 77777777 
07777777 77777777 77777777 77777777 77777777 77777777 77777777 77777777 77777777 77777777 77777777 77777777 77777777 77777777 77777777 77777777 
07777777 77777777 77777777 77777777 77777777 77777777 77777777 77777777 77777777 77777777 77777777 77777777 77777777 77777777 77777777 77777777 
07777777 77777777 77777777 77777777 77777777 77777777 77777777 77777777 77777777 77777777 77777777 77777777 77777777 77777777 77777777 77777777 
07777777 77777777 77777777 77777777 77777777 77777777 77777777 77777777 77777777 77777777 77777777 77777777 77777777 77777777 77777777 77777777 
07777777 77777777 77777777 77777777 77777777 77777777 77777777 77777777 77777777 77777777 77777777 77777777 77777777 77777777 77777777 77777777 
07777777 77777777 77777777 77777777 77777777 77777777 77777777 77777777 77777777 77777777 77777777 77777777 77777777 77777777 77777777 77777777 
07777777 77777777 77777777 77777777 77777777 77777777 77777777 77777777 77777777 77777777 77777777 77777777 77777777 77777777 77777777 77777777 
07777777 77777777 77777777 77777777 77777777 77777777 77777777 77777777 77777777 77777777 77777777 77777777 77777777 77777777 77777777 77777777 
07777777 77777777 77777777 77777777 77777777 77777777 77777777 77777777 77777777 77777777 77777777 77777777 77777777 77777777 77777777 77777777 
07777777 77777777 77777777 77777777 77777777 77777777 77777777 77777777 77777777 77777777 77777777 77777777 77777777 77777777 77777777 77777777 
07777777 77777777 77777777 77777777 77777777 77777777 77777777 77777777 77777777 77777777 77777777 77777777 77777777 77777777 77777777 77777777 
07777777 77777777 77777777 77777777 77777777 77777777 77777777 77777777 77777777 77777777 77777777 77777777 77777777 77777777 77777777 77777777 
07777777 77777777 77777777 77777777 77777777 77777777 77777777 77777777 77777777 77777777 77777777 77777777 77777777 77777777 77777777 77777777 
07777777 77777777 77777777 77777777 77777777 77777777 77777777 77777777 77777777 77777777 77777777 77777777 77777777 77777777 77777777 77777777 
07777777 77777777 77777777 77777777 77777777 77777777 77777777 77777777 77777777 77777777 77777777 77777777 77777777 77777777 77777777 77777777 
07777777 77777777 77777777 77777777 77777777 77777777 77777777 77777777 77777777 77777777 77777777 77777777 77777777 77777777 77777777 77777777 
07777777 77777777 77777777 77777777 77777777 77777777 77777777 77777777 77777777 77777777 77777777 77777777 77777777 77777777 77777777 77777777 
07777777 77777777 77777777 77777777 77777777 77777777 77777777 77777777 77777777 77777777 77777777 77777777 77777777 77777777 77777777 77777777 
07777777 77777777 77777777 77777777 77777777 77777777 77777777 77777777 77777777 77777777 77777777 77777777 77777777 77777777 77777777 77777777 
07777777 77777777 77777777 77777777 77777777 77777777 77777777 77777777 77777777 77777777 77777777 77777777 77777777 77777777 77777777 77777777 
07777777 77777777 77777777 77777777 77777777 77777777 77777777 77777777 77777777 77777777 77777777 77777777 77777777 77777777 77777777 77777777 
07777777 77777777 77777777 77777777 77777777 77777777 77777777 77777777 77777777 77777777 77777777 77777777 77777777 77777777 77777777 77777777 
07777777 77777777 77777777 77777777 77777777 77777777 77777777 77777777 77777777 77777777 77777777 77777777 77777777 77777777 77777777 77777777 
07777777 77777777 77777777 77777777 77777777 77777777 77777777 77777777 77777777 77777777 77777777 77777777 77777777 77777777 77777777 77777777 
07777777 77777777 77777777 77777777 77777777 77777777 77777777 77777777 77777777 77777777 77777777 77777777 77777777 77777777 77777777 77777777 
07777777 77777777 77777777 77777777 77777777 77777777 77777777 77777777 77777777 77777777 77777777 77777777 77777777 77777777 77777777 77777777 
07777777 77777777 77777777 77777777 77777777 77777777 77777777 77777777 77777777 77777777 77777777 77777777 77777777 77777777 77777777 77777777 
07777777 77777777 77777777 77777777 77777777 77777777 77777777 77777777 77777777 77777777 77777777 77777777 77777777 77777777 77777777 77777777 
07777777 77777777 77777777 77777777 77777777 77777777 77777777 77777777 77777777 77777777 77777777 77777777 77777777 77777777 77777777 77777777 
07777777 77777777 77777777 77777777 77777777 77777777 77777777 77777777 77777777 77777777 77777777 77777777 77777777 77777777 77777777 77777777 
07777777 77777777 77777777 77777777 77777777 77777777 77777777 77777777 77777777 77777777 77777777 77777777 77777777 77777777 77777777 77777777 
07777777 77777777 77777777 77777777 77777777 77777777 77777777 77777777 77777777 77777777 77777777 77777777 77777777 77777777 77777777 77777777 
07777777 77777777 77777777 77777777 77777777 77777777 77777777 77777777 77777777 77777777 77777777 77777777 77777777 77777777 77777777 77777777 
07777777 77777777 77777777 77777777 77777777 77777777 77777777 77777777 77777777 77777777 77777777 77777777 77777777 77777777 77777777 77777777 
07777777 77777777 77777777 77777777 77777777 77777777 77777777 77777777 77777777 77777777 77777777 77777777 77777777 77777777 77777777 77777777 
07777777 77777777 77777777 77777777 77777777 77777777 77777777 77777777 77777777 77777777 77777777 77777777 77777777 77777777 77777777 77777777 
07777777 77777777 77777777 77777777 77777777 77777777 77777777 77777777 77777777 77777777 77777777 77777777 77777777 77777777 77777777 77777777 
07777777 77777777 77777777 77777777 77777777 77777777 77777777 77777777 77777777 77777777 77777777 77777777 77777777 77777777 77777777 77777777 
07777777 77777777 77777777 77777777 77777777 77777777 77777777 77777777 77777777 77777777 77777777 77777777 77777777 77777777 77777777 77777777 
07777777 77777777 77777777 77777777 77777777 77777777 77777777 77777777 77777777 77777777 77777777 77777777 77777777 77777777 77777777 77777777 
07777777 77777777 77777777 77777777 77777777 77777777 77777777 77777777 77777777 77777777 77777777 77777777 77777777 77777777 77777777 77777777 
07777777 77777777 77777777 77777777 77777777 77777777 77777777 77777777 77777777 77777777 77777777 77777777 77777777 77777777 77777777 77777777 
07777777 77777777 77777777 77777777 77777777 77777777 77777777 77777777 77777777 77777777 77777777 77777777 77777777 77777777 77777777 77777777 
07777777 77777777 77777777 77777777 77777777 77777777 77777777 77777777 77777777 77777777 77777777 77777777 77777777 77777777 77777777 77777777 
07777777 77777777 77777777 77777777 77777777 77777777 77777777 77777777 77777777 77777777 77777777 77777777 77777777 77777777 77777777 77777777 
07777777 77777777 77777777 77777777 77777777 77777777 77777777 77777777 77777777 77777777 77777777 77777777 77777777 77777777 77777777 77777777 
07777777 77777777 77777777 77777777 77777777 77777777 77777777 77777777 77777777 77777777 77777777 77777777 77777777 77777777 77777777 77777777 
07777777 77777777 77777777 77777777 77777777 77777777 77777777 77777777 77777777 77777777 77777777 77777777 77777777 77777777 77777777 77777777 
07777777 77777777 77777777 77777777 77777777 77777777 77777777 77777777 77777777 77777777 77777777 77777777 77777777 77777777 77777777 77777777 
07777777 77777777 77777777 77777777 77777777 77777777 77777777 77777777 77777777 77777777 77777777 77777777 77777777 77777777 77777777 77777777 
07777777 77777777 77777777 77777777 77777777 77777777 77777777 77777777 77777777 77777777 77777777 77777777 77777777 77777777 77777777 77777777 
07777777 77777777 77777777 77777777 77777777 77777777 77777777 77777777 77777777 77777777 77777777 77777777 77777777 77777777 77777777 77777777 
07777777 77777777 77777777 77777777 77777777 77777777 77777777 77777777 77777777 77777777 77777777 77777777 77777777 77777777 77777777 77777777 
07777777 77777777 77777777 77777777 77777777 77777777 77777777 77777777 77777777 77777777 77777777 77777777 77777777 77777777 77777777 77777777 
07777777 77777777 77777777 77777777 77777777 77777777 77777777 77777777 77777777 77777777 77777777 77777777 77777777 77777777 77777777 77777777 
07777777 77777777 77777777 77777777 77777777 77777777 77777777 77777777 77777777 77777777 77777777 77777777 77777777 77777777 77777777 77777777 
07777777 77777777 77777777 77777777 77777777 77777777 77777777 77777777 77777777 77777777 77777777 77777777 77777777 77777777 77777777 77777777 
07777777 77777777 77777777 77777777 77777777 77777777 77777777 77777777 77777777 77777777 77777777 77777777 77777777 77777777 77777777 77777777 
07777777 77777777 77777777 77777777 77777777 77777777 77777777 77777777 77777777 77777777 77777777 77777777 77777777 77777777 77777777 77777777 
07777777 77777777 77777777 77777777 77777777 77777777 77777777 77777777 77777777 77777777 77777777 77777777 77777777 77777777 77777777 77777777 
07777777 77777777 77777777 77777777 77777777 77777777 77777777 77777777 77777777 77777777 77777777 77777777 77777777 77777777 77777777 77777777 
07777777 77777777 77777777 77777777 77777777 77777777 77777777 77777777 77777777 77777777 77777777 77777777 77777777 77777777 77777777 77777777 
07777777 77777777 77777777 77777777 77777777 77777777 77777777 77777777 77777777 77777777 77777777 77777777 77777777 77777777 77777777 77777777 
07777777 77777777 77777777 77777777 77777777 77777777 77777777 77777777 77777777 77777777 77777777 77777777 77777777 77777777 77777777 77777777 
07777777 77777777 77777777 77777777 77777777 77777777 77777777 77777777 77777777 77777777 77777777 77777777 77777777 77777777 77777777 77777777 
07777777 77777777 77777777 77777777 77777777 77777777 77777777 77777777 77777777 77777777 77777777 77777777 77777777 77777777 77777777 77777777 
07777777 77777777 77777777 77777777 77777777 77777777 77777777 77777777 77777777 77777777 77777777 77777777 77777777 77777777 77777777 77777777 
07777777 77777777 77777777 77777777 77777777 77777777 77777777 77777777 77777777 77777777 77777777 77777777 77777777 77777777 77777777 77777777 
07777777 77777777 77777777 77777777 77777777 77777777 77777777 77777777 77777777 77777777 77777777 77777777 77777777 77777777 77777777 77777777 
07777777 77777777 77777777 77777777 77777777 77777777 77777777 77777777 77777777 77777777 77777777 77777777 77777777 77777777 77777777 77777777 
07777777 77777777 77777777 77777777 77777777 77777777 77777777 77777777 77777777 77777777 77777777 77777777 77777777 77777777 77777777 77777777 
07777777 77777777 77777777 77777777 77777777 77777777 77777777 77777777 77777777 77777777 77777777 77777777 77777777 77777777 77777777 77777777 
07777777 77777777 77777777 77777777 77777777 77777777 77777777 77777777 77777777 77777777 77777777 77777777 77777777 77777777 77777777 77777777 
07777777 77777777 77777777 77777777 77777777 77777777 77777777 77777777 77777777 77777777 77777777 77777777 77777777 77777777 77777777 77777777 
07777777 77777777 77777777 77777777 77777777 77777777 77777777 77777777 77777777 77777777 77777777 77777777 77777777 77777777 77777777 77777777 
07777777 77777777 77777777 77777777 77777777 77777777 77777777 77777777 77777777 77777777 77777777 77777777 77777777 77777777 77777777 77777777 
07777777 77777777 77777777 77777777 77777777 77777777 77777777 77777777 77777777 77777777 77777777 77777777 77777777 77777777 77777777 77777777 
07777777 77777777 77777777 77777777 77777777 77777777 77777777 77777777 77777777 77777777 77777777 77777777 77777777 77777777 77777777 77777777 
07777777 77777777 77777777 77777777 77777777 77777777 77777777 77777777 77777777 77777777 77777777 77777777 77777777 77777777 77777777 77777777 
07777777 77777777 77777777 77777777 77777777 77777777 77777777 77777777 77777777 77777777 77777777 77777777 77777777 77777777 77777777 77777777 
07777777 77777777 77777777 77777777 77777777 77777777 77777777 77777777 77777777 77777777 77777777 77777777 77777777 77777777 77777777 77777777 
07777777 77777777 77777777 77777777 77777777 77777777 77777777 77777777 77777777 77777777 77777777 77777777 77777777 77777777 77777777 77777777 
07777777 77777777 77777777 77777777 77777777 77777777 77777777 77777777 77777777 77777777 77777777 77777777 77777777 77777777 77777777 77777777 
07777777 77777777 77777777 77777777 77777777 77777777 77777777 77777777 77777777 77777777 77777777 77777777 77777777 77777777 77777777 77777777 
07777777 77777777 77777777 77777777 77777777 77777777 77777777 77777777 77777777 77777777 77777777 77777777 77777777 77777777 77777777 77777777 
07777777 77777777 77777777 77777777 77777777 77777777 77777777 77777777 77777777 77777777 77777777 77777777 77777777 77777777 77777777 77777777 
07777777 77777777 77777777 77777777 77777777 77777777 77777777 77777777 77777777 77777777 77777777 77777777 77777777 77777777 77777777 77777777 
07777777 77777777 77777777 77777777 77777777 77777777 77777777 77777777 77777777 77777777 77777777 77777777 77777777 77777777 77777777 77777777 
